00182055400
00182055489
00182055589
00182090589
00575620030
00591564201
00591564205
00591564301
00591564305
00641400386
12948000112
23155000101
23155000110
23155000201
23155000210
23155000301
23155000310
23155000401
24338001018
31722051901
31722052001
31722052010
31722052101
31722052110
31722052201
38779057404
49884002701
49884002710
49884002801
49884002810
49884002901
49884002910
49884012101
49884012110
49884014301
49884014401
49884025601
49884025701
49884025705
49999077700
50111032701
50111032703
50111032801
50111032803
50111039701
50111039801
50111039803
51079007420
51927274200
51927288500
53489038601
53489038701
62584073301
68462034101
68462034105
68462034201
68462034205
68462034301
68462034305
68462034401