00093293101
00093293110
00093293201
00093293205
00172293160
00172293180
00172293260
00172293270
00172422660
00172422760
00228212710
00228212750
00228212810
00228212850
00228212910
00378002701
00378015201
00378015210
00378018601
00378018610
00378019901
00378042101
00378042105
00378050701
00378061101
00378061110
00378071101
00378071110
00378087199
00378087299
00378087399
00378116001
00378119001
00440732692
00555100916
00555101016
00555101116
00591044401
00591045301
00597000601
00597000701
00597001101
00597003112
00597003134
00597003212
00597003234
00597003334
00603295721
00603295728
00603295730
00603295732
00603295821
00603295828
00603295832
00603295921
00603295928
00603377421
00677192201
00677192210
00677192301
00677192401
16714034102
16714034103
16714034104
16714034202
16714034203
16714034204
16714034303
16714034304
16729003001
16729003101
21695056704
29300013510
29300013601
29300013701
33358009230
38779056101
38779056103
49884057201
49884057301
49884077486
49884077586
49884077686
51079020001
51079020020
51079029920
51079029962
51079029963
51079029966
51079030001
51079030020
51079030056
51079030062
51079030063
51079030066
51079030162
51079030163
51079030166
51927237900
52152011802
52152011902
53489021501
53489021510
53489021601
53489021610
53489021701
54738090701
54738090703
54738090801
54738090803
54868053701
55289007308
58016051702
59630065860
62794000101
62794002701
62991142202
63739006015
65162071110
65162071310
66336091960
67253026310
67253026311
67253026410
67253026411
67253026510
67286890101
67286890301
67857070501
67857070505
67857070601