00006323966
00093208001
00093208010
00143120901
00143121001
00143125601
00143125610
00143125651
00143125701
00143125710
00143312501
00143312505
00172208310
00172208360
00172208380
00172208960
00172208980
00172208985
00172487060
00172487080
00182055600
00182055689
00228222196
00228222296
00228282011
00378015001
00378016001
00378016201
00378081001
00378081005
00378081093
00378360110
00440759510
00527141301
00527141310
00527141401
00527141410
00591034701
00591034705
00603385521
00603385525
00603385532
00603385593
00603385621
00603385632
00603385634
00603385721
00603385732
12280008000
16729018201
16729018301
16729018317
23155000801
23155000810
23155000901
23155000910
23155004501
23155004505
23155004601
23155004610
23155004701
23155004710
23155013701
23155013801
23155013810
23155013901
23155013910
23155014005
23490703701
29300012801
29300012810
29300012901
29300012910
29300013001
29300013005
29300013010
43063001001
43353063560
43353071945
43353071960
43353073230
43353073245
43353073260
50111088601
50111088603
50111088701
50111088703
51079077620
51927161100
52544062201
52959013230
54458092910
54458093010
54458093910
54458094010
54458094110
54458096910
54458097010
54569523600
54868005602
54868079201
54868443800
57664042818
57664042888
57664042918
57664042988
59746012510
59746012710
59746038206
59746038210
59762173502
59762173602
59762173607
59762173702
59762173707
60505264008
60505264101
60505264108
63304091401
63304091410
63304091501
63304091510
63739012810
64125013001
64125013010
64125013101
64125013110
65243003909
65243003945
65649031112
65862011301
65862011399
65862013301
65862013399
65862013401
65862013499
67253082010
67253082011
67253082110
67253082111
67544010060
67544034645
67544036915
67544036930
67544036945
67544036960
68084008601
68084039801