00006001558
00006001954
00006001958
00006001982
00006001987
00006010631
00006010654
00006010658
00006014031
00006014058
00006014258
00006014558
00006020731
00006020754
00006020758
00006020782
00006020787
00006023758
00032110101
00032110201
00032110301
00054010625
00054010725
00054010729
00054010820
00054010825
00054010829
00054010925
00054010929
00054011025
00054011125
00054011225
00071022023
00071022223
00071022323
00071052723
00071053023
00071053040
00071053223
00071053523
00074227811
00074227813
00074227913
00074228013
00074328713
00074328813
00074328913
00074329013
00078044705
00078044805
00078044905
00078045005
00078045105
00078045205
00078045305
00078045405
00083005930
00083006330
00083007230
00083007430
00083007530
00083007930
00083009430
00087015846
00087015885
00087060942
00087060985
00087120213
00087149201
00087149301
00091370701
00091370709
00091371201
00091371501
00091371509
00091372001
00091372501
00093001701
00093002601
00093002610
00093002701
00093002750
00093002801
00093002810
00093002901
00093002910
00093017601
00093017701
00093018101
00093018201
00093103501
00093103601
00093103701
00093104401
00093104505
00093104598
00093105098
00093105198
00093105201
00093105305
00093105398
00093111101
00093111201
00093111210
00093111301
00093111310
00093111401
00093111410
00093111501
00093111505
00093512401
00093512501
00093512505
00093512601
00093512605
00093512701
00093515001
00093515701
00093521301
00093521401
00093521501
00093545698
00093545798
00093545898
00093545998
00093722210
00093722298
00093722310
00093722398
00093722410
00093722498
00093732501
00093732601
00093732701
00093743601
00093743701
00093743801
00093813201
00093813301
00093813401
00093813410
00093813501
00143117101
00143117110
00143117201
00143117210
00143117301
00143117310
00143117401
00143126201
00143126210
00143126301
00143126310
00143126401
00143126410
00143126501
00143126510
00143126601
00143126610
00143126701
00143126709
00143126710
00143126801
00143126810
00143126818
00143127001
00143127010
00143127030
00143128001
00143912701
00172375700
00172375710
00172375760
00172375770
00172375810
00172375860
00172375870
00172375880
00172375900
00172375910
00172375960
00172375970
00172375980
00172376000
00172376010
00172376060
00172376070
00172376080
00172376100
00172376110
00172376160
00172376170
00172376180
00172376200
00172376210
00172376260
00172376270
00172419510
00172419560
00172419580
00172419610
00172419660
00172419680
00172419710
00172419760
00172419780
00172419800
00172419810
00172419860
00172419880
00172503260
00172503270
00172503360
00172503370
00172503460
00172503470
00172535060
00172535110
00172535160
00172535170
00172535180
00172535260
00172535270
00172535280
00172535360
00172536060
00172536160
00172536260
00172536360
00185002501
00185002510
00185004109
00185004110
00185004209
00185004210
00185004709
00185004710
00185004801
00185004805
00185005301
00185005305
00185010101
00185010110
00185010201
00185010210
00185010233
00185010301
00185010401
00185010410
00185011410
00185012401
00185012701
00185012710
00185014701
00185014710
00185015101
00185015201
00185015210
00185017201
00185017301
00185017310
00185020401
00185021101
00185021401
00185027701
00185034101
00185034201
00185050501
00185050505
00185082001
00185082005
00185540001
00185540010
00185710001
00185710010
00186000131
00186000168
00187014030
00187014090
00187014130
00187014190
00187014210
00187014230
00187014290
00187014310
00187014330
00187014390
00187014601
00228269650
00228270611
00228270703
00228270711
00228270811
00247102300
00247109060
00247139630
00310013010
00310013011
00310013110
00310013111
00310013139
00310013210
00310013211
00310013310
00310013311
00310013410
00310013411
00310013510
00310013511
00310014110
00310014111
00310014210
00310014211
00310014510
00310014511
00378008101
00378008301
00378008401
00378008601
00378025477
00378027277
00378044101
00378044301
00378044401
00378044701
00378054277
00378054377
00378054477
00378071201
00378072301
00378101201
00378105101
00378105105
00378105201
00378105210
00378105301
00378105310
00378105401
00378105405
00378201201
00378202501
00378207201
00378207301
00378207310
00378207401
00378207410
00378207501
00378207510
00378207601
00378207605
00378207701
00378300701
00378300710
00378301201
00378301210
00378301701
00378301710
00378302201
00378324101
00378324301
00378472501
00378473501
00378474501
00378477501
00440723292
00574011001
00574011215
00574013301
00574013401
00574013501
00591040501
00591040505
00591040601
00591040610
00591040701
00591040710
00591040801
00591040810
00591040901
00591040905
00591066801
00591066805
00591066901
00591066905
00591067001
00591067005
00591067101
00591067105
00591086001
00591086005
00591086101
00591086105
00591086201
00591086205
00591088501
00603420921
00603420928
00603421002
00603421016
00603421021
00603421028
00603421032
00603421060
00603421102
00603421121
00603421128
00603421132
00603421134
00603421160
00603421202
00603421221
00603421228
00603421232
00603421234
00603421260
00603421321
00603421328
00603421402
00603421404
00603421421
00603421428
00603421430
00603421432
00603421460
00781117601
00781117801
00781166501
00781166601
00781166701
00781166801
00781166901
00781167301
00781182801
00781182901
00781182910
00781183801
00781183901
00781184801
00781189101
00781189201
00781189301
00781189401
00781212601
00781212701
00781212705
00781212801
00781212805
00781212901
00781212905
00781508392
00781508492
00781508592
00781513201
00781513301
00781513401
00781532101
00781532201
00781544101
00781544201
00781544210
00781544301
00781544310
00781544401
00781544410
00904550261
00904550280
00904561080
00904563843
00904563846
00904563889
00904563943
00904563946
00904563961
00904563989
00904564043
00904564046
00904564048
00904564089
00904564093
00904564246
00904564252
00904564289
00904564293
00904575789
00904577889
00904580843
00904580846
00904580880
00904580889
00904580946
00904580980
00904580989
00904580993
00904581043
00904581046
00904581048
00904581052
00904581080
00904581089
00904581093
00904581143
00904581146
00904581180
00904581189
00904581240
12280006100
13811062810
13811063010
15338020030
15338021130
15338022030
15338023330
16252054130
16252054290
16252054390
16252057030
16252057101
16252057150
16252057201
16252057250
16252057301
16252057350
16252061001
16252061101
16252061201
16252061301
16252061401
23155006001
23155006101
24658010110
24658020001
24658020105
24658020201
24658020301
24658020305
24658024010
24658024090
24658024110
24658024190
24658024210
24658024245
24658024290
24658024310
24658024330
24658024345
24658024390
24658024510
24658024530
24658024545
24658024590
30698044901
30698045001
31722020090
31722020190
31722020290
31722026790
31722026890
31722026990
31722027090
31722027101
31722027201
31722027205
31722027301
31722027305
31722027310
31722027401
31722027405
31722027410
31722037490
31722037590
31722037690
43353031360
43353031860
43353035045
43353037145
43353037160
43353064360
43353072260
43386071009
43386071109
43386071209
49158050001
49158050101
49158050110
49158050201
49158050210
49158050310
49884055601
49884055610
49884055701
49884055710
49884055801
49884055810
49884055901
49884055910
49884056001
49884056010
49884059101
49884059110
49884059201
49884059210
49884059301
49884059310
49884059401
49884059410
49884063501
49884068601
49884068701
49884079401
49884079501
49884079601
49884081501
49884081801
49884099009
49884099109
49884099209
49884099309
49999018330
49999018360
49999029500
49999032130
51079069740
51079069840
51079086320
51079086420
51079095020
51079095120
51079095220
51079098101
51079098120
51079098220
51079098256
51079098301
51079098320
51079098356
51079098420
51672403701
51672403703
51672403801
51672403803
51672403901
51672403903
51672404001
51672404003
51672404501
51672404601
51927333600
52152023808
52152023830
52152023908
52152023930
52152024008
52152024030
52959072890
54458090502
54458090602
54458090702
54458091002
54458095610
54458095710
54458099105
54458099110
54458099210
54458099309
54458099410
54458099510
54458099610
54458099710
54458099809
54458099909
54569609100
54868129602
54868196101
54868196102
54868197002
54868235002
54868264401
54868264501
54868372501
54868384600
54868463700
54868463702
54868465700
54868465800
54868478000
54868478500
54868497701
54868532000
54868584300
55045337308
55111013301
55111013401
55111043890
55111043905
55111043990
55111044005
55111044090
55111044105
55111044190
55111062190
55111062290
55111062390
55111062490
55289048330
55289062203
55289086730
55887053230
57866500001
58016056490
58016099800
58177034104
58177034204
58177034208
58177034304
58177034308
58177034404
58177034408
58864086930
59762022001
59762022201
59762022301
59762227003
59762227103
59762227107
59762227203
59762227207
59762227303
59762227307
59762227403
59762227503
59762329402
59762329403
59762329501
59762329503
59762501901
59762502001
59762502101
59762502201
59762525001
59762525004
59762525101
59762525104
59772516005
59772516105
59772516305
59772704501
59772704701
59772704703
59772704801
60429004110
60429004410
60429004510
60429007110
60429007310
60429007401
60429007410
60429007490
60429025701
60505000306
60505000406
60505000506
60505000509
60505004907
60505004909
60505005007
60505005009
60505005107
60505005109
60505005207
60505005209
60505017200
60505017300
60505017301
60505017400
60505017401
60505017500
60505017501
60505018400
60505018500
60505018501
60505018509
60505018600
60505018601
60505018700
60505018701
60505018800
60505018801
60505018900
60505018901
60505020503
60505020603
60505020703
60505020801
60505020901
60505026501
60505026601
60505026605
60505026701
60505026705
60505026801
60505026805
60505027101
60505027201
60505251002
60505251004
60505251102
60505251104
60505251202
60505251208
60505268301
60505268401
60505268408
60505268501
60505268508
60505268509
60505268601
60505268608
60505268801
60505268808
60505268809
60505268901
60505269001
60505269101
60505287601
60505287701
60505287801
60793050001
60793050101
60793050201
60793050301
61570011001
61570011056
61570011101
61570011105
61570011156
61570011201
61570011205
61570011256
61570012001
61570012005
62037051701
62037051801
62037051901
62037053190
62037053290
62037053390
62037053490
62037075701
62037075901
62037093590
62037093790
62175017137
62175017737
62175071237
62175072037
62175072537
63304015501
63304015601
63304015701
63304033701
63304033801
63304033805
63304033901
63304033905
63304034001
63304034005
63304040301
63304040401
63304053101
63304053201
63304053210
63304053301
63304053310
63304053401
63304053410
63304053501
63304053510
63304053601
63304053605
63304053701
63304053705
63304053801
63304053805
63304055090
63304055190
63304059901
63304073601
63304073701
63304073790
63304073801
63304073890
63304073901
63304073990
63304077510
63304077590
63304077610
63304077690
63304077710
63304077790
63304083401
63304083410
63304083501
63304083510
63304083601
63304083610
63304083701
63304083710
63629125401
63629176101
63629290801
63629373901
63739034910
64455014030
64455014090
64455014110
64455014130
64455014190
64455014210
64455014230
64455014290
64455014310
64455014330
64455014390
64455014501
64455014601
64679090201
64679090202
64679090301
64679090302
64679090401
64679090402
64679090501
64679092302
64679092303
64679092402
64679092403
64679092502
64679092503
64679092602
64679092603
64679092701
64679092705
64679092801
64679092805
64679092806
64679092901
64679092905
64679092906
64679094101
64679094105
64679094106
64679094201
64679094202
64679094205
64679095301
64679095305
65162075110
65162075210
65162075250
65162075310
65162075350
65162075410
65162075450
65862003701
65862003705
65862003801
65862003805
65862003899
65862003901
65862003905
65862003999
65862004001
65862004005
65862004099
65862004101
65862004201
65862004205
65862004299
65862004301
65862004305
65862004401
65862004405
65862004501
65862004505
65862011601
65862011701
65862011801
65862016190
65862016290
65862016390
65862016601
65862028601
65862028701
65862028801
65862030801
65862030901
65862047290
65862047401
65862047430
65862047501
65862047601
65862047701
65862047705
66336038930
66336075090
66685030100
66685030102
66685030200
66685030202
66685030300
66685030302
66685030400
66685030402
66685070101
66685070102
66685070201
66685070202
66685070301
66685070302
66685070401
66685070402
66685070501
66685070601
66685070603
67253010710
67253010810
67253067110
67253067210
67253067211
67253067310
67253067311
67253067410
67253067411
67544004230
67544006260
67544012860
67544013445
67544013460
67544014853
67544016580
67544021860
67544032245
67544041860
67544067860
67544108245
67544135060
68084026601
68115037860
68115039630
68180023601
68180023701
68180051201
68180051202
68180051209
68180051301
68180051303
68180051401
68180051403
68180051409
68180051501
68180051503
68180051509
68180051601
68180051602
68180051701
68180051703
68180051709
68180051801
68180051802
68180051901
68180051902
68180052001
68180052002
68180055609
68180055709
68180055809
68180055909
68180056601
68180056701
68180056801
68180058801
68180058901
68180058902
68180058909
68180059001
68180059002
68180059009
68180059101
68180059102
68180059109
68382014406
68382014501
68382014601
68382014701
68462020501
68462020601
68462020701
68462020801
68462020901
68462029401
68462029501
68462029601
68462032901
68462036710
68462036790
68462036890
68462036990
68462055401
68462055501
68645016059
68645016159
68645016259
68645016359
68645027254
68645045490
76234000101
76234000201
76282020110
76282027101
76282027201