00004012101
00004012114
00004012501
00004016201
00004026201
00004026301
00004026401
00004026501
00006006568
00037500501
00037501001
00037502001
00039006013
00039006050
00039006070
00039006605
00039006650
00039006710
00039006750
00039006770
00054007525
00054007625
00054007725
00054329446
00054329450
00054329863
00054429725
00054429731
00054429925
00054429931
00054430125
00054430129
00054829725
00054829925
00093423201
00093423301
00093423310
00093423401
00093423410
00093712701
00093712801
00093712901
00093713001
00172290760
00172290780
00172290810
00172290860
00172290880
00172423260
00172423360
00172423380
00172423460
00172423480
00185012801
00185012805
00185012901
00185012905
00185013001
00185013005
00378020801
00378020810
00378020893
00378021601
00378021610
00378021693
00378023201
00378023205
00378023293
00378024501
00378037001
00378041701
00409141210
00409163910
00409610202
00409610204
00409610210
00517570225
00517570425
00517571025
00591030001
00591030010
00591030101
00591030110
00591030201
00591030205
00591343601
00591343610
00591343701
00591343710
00591343801
00591343805
00603373921
00603373932
00603373934
00603374021
00603374032
00603374034
00603374102
00603374121
00603374128
00603374132
00603613421
00603613521
00603613621
00641600710
00781144601
00781144605
00781181801
00781181810
00781196601
00781196610
00904579661
10019050636
25010020515
25010021515
31722052901
31722053001
31722053101
31722053201
43353073760
49884010601
49884010701
49884010705
49884010801
49884010805
49884010901
49884065101
49884065110
49884065201
49884065210
49884065301
49884065310
49884065401
49999003090
50111091501
50111091601
50111091701
50111091703
50111091801
50742010401
50742010410
50742010501
50742010510
50742010601
50742010605
51079007220
51079007256
51079007320
51079007356
51079052720
51079089101
51079089120
51079089220
54868005703
54868005802
54868078800
55390050002
55390050005
55390050010
57866606901
59762170001
59762170101
59762170201
60432061304
60432061360
60505023201
60505023301
60505023401
60505023501
62756076188
62756076288
62756076313
62756076388
62756076488
63304062401
63304062410
63304062501
63304062510
63304062601
63304062605
63629143403
63739011101
63739011210
64125011601
64125011610
64125011701
64125011710
64125011801
64125011805
65862012601
65862012701
66116023630
67253054010
67253054011
67253054110
67253054111
67253054250
67544007553
67544007580
67544022030
67544022053
67544022060
67544022080
67544024430
67544024445
67544024460
68094075659