00002477090
00002477190
00002477290
00003515405
00003517805
00003517806
00003517875
00003519410
00003519510
00006054331
00006054354
00006054382
00006072631
00006072654
00006072682
00006073161
00006073182
00006073261
00006073282
00006073528
00006073531
00006073554
00006073582
00006074028
00006074031
00006074054
00006074082
00006074928
00006074931
00006074954
00006074982
00069215030
00069216030
00069217030
00069218030
00069219030
00069225030
00069226030
00069227030
00069296030
00069297030
00069298030
00071015523
00071015534
00071015540
00071015623
00071015640
00071015694
00071015723
00071015740
00071015773
00071015788
00071015823
00071015873
00071015888
00071015892
00074300590
00074300790
00074301090
00074307290
00074331290
00074331590
00074331690
00074345590
00074345790
00074345990
00078017605
00078017615
00078023405
00078023415
00078035405
00078035415
00093057606
00093057610
00093077110
00093077198
00093092606
00093092610
00093092806
00093092810
00093715256
00093715298
00093715310
00093715356
00093715398
00093715410
00093715456
00093715498
00093715510
00093715556
00093715593
00093715598
00093715610
00093715656
00093715698
00093720110
00093720198
00093720210
00093720298
00093727010
00093727098
00093744201
00093744256
00093744301
00093744356
00185007001
00185007005
00185007010
00185007060
00185007201
00185007210
00185007260
00185007401
00185007410
00185007460
00228263306
00228263350
00228263406
00228263450
00228263506
00228263550
00247114030
00247114060
00247115230
00247115360
00310075139
00310075190
00310075239
00310075290
00310075430
00310075590
00378055277
00378055377
00378201505
00378201577
00378201705
00378201777
00378212105
00378212177
00378212205
00378212277
00378616177
00378616193
00378616277
00378616377
00378616405
00378616477
00378616493
00378616505
00378616577
00378616593
00378616605
00378616677
00378616693
00378616777
00378616793
00378616805
00378616877
00378616893
00378616905
00378616977
00378616993
00378617005
00378617077
00378617093
00378617177
00378617193
00378651091
00378652005
00378652091
00378654005
00378654091
00378802077
00378802093
00378802177
00378802193
00378821077
00378822010
00378822077
00378824010
00378824077
00378828077
00406206503
00406206590
00406206603
00406206610
00406206690
00406206703
00406206710
00406206790
00406206803
00406206810
00406206890
00406206903
00406206910
00406206990
00591001319
00591001410
00591001419
00591001610
00591001619
00591001905
00591001919
00591377410
00591377419
00591377510
00591377519
00591377605
00591377619
00591377705
00591377719
00781121060
00781121360
00781132360
00781507031
00781507092
00781507131
00781507192
00781507231
00781507292
00781507331
00781507392
00781507431
00781507492
00781523192
00781523210
00781523292
00781523410
00781523492
00781538192
00781538292
00781538492
00781538892
00904558152
00904558252
00904558352
00904589261
00904629061
00904629161
10135050090
10135051105
10135051190
10135051205
10135051230
12280010860
16252050530
16252050550
16252050590
16252050630
16252050650
16252050690
16252050730
16252050750
16252050790
16252050830
16252050850
16252050890
16252050930
16252050950
16252050990
16252052690
16252052750
16252052790
16252052850
16252052890
16252052990
16714068101
16714068102
16714068201
16714068202
16714068203
16714068301
16714068302
16714068303
16714068401
16714068402
16714068403
16714068501
16714068502
16714068503
16729000410
16729000415
16729000417
16729000510
16729000515
16729000517
16729000610
16729000615
16729000617
16729000710
16729000715
16729000717
21695074090
21695074130
24658021110
24658021190
24658021210
24658021230
24658021245
24658021290
24658021310
24658021345
24658021390
24658021410
24658021430
24658021445
24658021490
24658030110
24658030130
24658030210
24658030245
24658030290
24658030310
24658030345
24658030390
24658030445
35356041330
42254006030
42254006090
42291037710
43063008090
43353003115
43353003145
43353003182
43353003191
43353022715
43353022745
43353022845
43353022945
43353028915
43353028945
43353039445
43353049645
43353062545
43353078115
45802009375
45802029265
45802029275
45802038465
45802038475
45802038493
45802087965
45802087975
45802087993
45802092465
45963063301
45963063304
45963063401
45963063404
45963063501
45963063504
49884017609
49884017610
49884017909
49884017910
49884018009
49884018010
49884075401
49884075402
49884075410
49884075501
49884075502
49884075510
49884075601
49884075602
49884075610
49999039230
49999039290
49999046790
49999046830
49999046890
49999087330
49999087390
49999088290
49999099230
49999099290
50111076117
50111076203
50111076217
50111076403
50111076417
50742013810
51079041020
51079045401
51079045420
51079045520
51079045601
51079045620
51079045820
51079097501
51079097520
51079097620
53489060701
53489060706
53489060801
53489060806
53489060810
53489060901
53489060906
53489060910
54458090802
54458091410
54458091510
54458091610
54458092510
54458092610
54458092710
54458092804
54458093210
54458093310
54458093410
54458093610
54458093710
54458093810
54458098210
54458098310
54458098410
54458098507
54458098510
54458098610
54458098709
54569560000
54569567200
54569574600
54868068601
54868120700
54868189000
54868189001
54868228800
54868263901
54868327000
54868422400
54868422900
54868459301
54868496300
54868499900
54868508502
54868551300
54868562700
54868562701
54868562800
54868562900
54868565300
54868567200
54868590401
55111012105
55111012190
55111012205
55111012290
55111012305
55111012390
55111012405
55111012490
55111019730
55111019790
55111019805
55111019830
55111019890
55111019905
55111019910
55111019930
55111019990
55111020005
55111020010
55111020030
55111020090
55111022905
55111022990
55111023005
55111023090
55111023105
55111023190
55111026805
55111026830
55111026890
55111027405
55111027490
55111072630
55111072690
55111073510
55111073530
55111073590
55111074010
55111074030
55111074090
55111074910
55111074930
55111074990
55111075010
55111075030
55111075090
55289033814
55289086130
55289087030
55289093230
55289093530
58016001360
58016007100
58016092200
58864060830
58864062330
58864068530
58864076030
58864083430
59630062830
59630062930
59630063030
59762015501
59762015502
59762015601
59762015602
59762015701
59762015702
59762015801
59762015802
60429024910
60429032410
60429036705
60429037005
60505016809
60505016907
60505016909
60505017007
60505017008
60505017009
60505017700
60505017800
60505017900
60505132305
60505132309
60505257808
60505257809
60505257908
60505257909
60505258008
60505258009
60505267108
60505267109
60598000690
60598000790
60598000890
60598000990
61442014101
61442014110
61442014160
61442014201
61442014210
61442014260
61442014301
61442014310
61442014360
62022062830
62022062930
62022063030
62037079101
62037079160
62037079201
62037079260
62037079301
62037079360
62175089043
62175089046
62175089143
62175089146
62175089241
62175089246
62175089746
63304049930
63304050030
63304050130
63304050230
63304050330
63304058730
63304058830
63304058930
63304059030
63304059130
63304059590
63304059690
63304059790
63304059805
63304059890
63304060330
63304078910
63304078930
63304078990
63304079010
63304079030
63304079090
63304079110
63304079130
63304079190
63304079210
63304079230
63304079290
63304079310
63304079330
63304079350
63304079390
63304082705
63304082790
63304082805
63304082890
63304082905
63304082990
63304083005
63304083090
63629146402
63629160602
63629339301
63739028115
63739043710
63739043810
65862005030
65862005090
65862005130
65862005190
65862005199
65862005226
65862005230
65862005290
65862005299
65862005322
65862005330
65862005390
65862005399
65862005430
65862005490
65862005499
66869020490
66869040490
67544005145
67544008160
67544008245
67544010630
67544022545
67544024530
67544085745
67544085760
67544103215
67544103245
67544103282
67544125445
67544125545
68084056501
68115066890
68115080090
68180046701
68180046707
68180046801
68180046803
68180046807
68180046901
68180046903
68180046907
68180047801
68180047802
68180047803
68180047901
68180047902
68180047903
68180048001
68180048002
68180048003
68180048101
68180048102
68180048103
68180048206
68180048209
68180048502
68180048509
68180048602
68180048609
68180048702
68180048709
68180048802
68180048809
68258600209
68382006510
68382006516
68382006605
68382006610
68382006616
68382006705
68382006706
68382006710
68382006716
68382006724
68382006805
68382006806
68382006810
68382006816
68382006905
68382006910
68382006914
68382006916
68382007005
68382007016
68382007105
68382007116
68382007205
68382007216
68382007305
68382007316
68462019505
68462019590
68462019605
68462019690
68462019705
68462019790
68462019805
68462019890
68645026154
68645026254
68645026354
68645040270
68645040370
68645041754
68645041854
68645046054