00075070000
00093721501
00093721601
00093721701
00172425960
00172425980
00172426260
00172426280
00185005501
00185505001
00185505010
00185560001
00228257111
00228257150
00228257196
00228259711
00228259796
00378006901
00378006905
00378008001
00378008010
00378008077
00378021301
00378021310
00378022201
00378022210
00378617201
00378617301
00378617401
49884058901
49884058910
49884059001
49884059010
49999065030
50111036201
50111036301
50111036303
50111036401
51079002301
51079002320
51079002401
51079005820
53014083571
53014085071
53014097571
54868310600
59746011206
61570002401
65580064371
65580064471
65580064571
66993087002