00004014301
00004014323
00004014401
00024039102
00024039202
00054000713
00054000725
00054312041
00074431430
00074431530
00074431730
00074463701
00087086644
00091415060
00093065701
00093065801
00179842118
00223197101
00536333401
00536379001
00536840080
00574019401
00574019450
00574019451
00904582360
00904582460
00904582461
00904598660
00904615760
00955025050
02359046010
11822334220
11822489670
11822489990
11822490000
11822549870
11845011831
11845014770
11845014775
11917005831
11917008608
11917009247
11917009248
11917011540
11917011820
11917012697
30698014301
30698014401
30768015605
31604001870
31604002511
31604002516
31604002673
31604002675
31604002683
37864092001
40985022661
40985027139
41163046006
42291027401
42291027405
42559014301
42559014323
42559014401
43292055881
49348087410
49452200002
50111099001
50428277289
50428346754
50428451102
50428689758
50428695912
50428710787
50428717911
50428797752
51927103400
51927137100
51927272200
51991060401
52959052825
53191036201
54629005024
54868579900
54868579901
57664013688
58468012001
58468012101
58468012401
58487003711
60801000006
60801000007
63304023901
63304023930
63304024001
63304024159
64894080550
64894082550
64980015701
74312015605
74312017621