00006071728
00006071731
00006071754
00006071758
00006071782
00006071786
00006074501
00006074528
00006074531
00006074554
00006074582
00006074728
00006074731
00006074754
00006074758
00006074782
00006095101
00006095128
00006095154
00006095158
00006095182
00006095201
00006095228
00006095231
00006095254
00006095258
00006095282
00006096001
00006096028
00006096031
00006096054
00006096058
00006096082
00024585090
00024585130
00024585190
00024585230
00024585290
00024585530
00024585590
00024585630
00024585690
00054012322
00054012422
00054012522
00054012622
00054012722
00054025113
00054025222
00054025513
00054027722
00074301511
00074302011
00074302511
00074304011
00078031406
00078031433
00078031434
00078031506
00078031515
00078031517
00078031534
00078031567
00078035805
00078035806
00078035833
00078035834
00078035906
00078035917
00078035934
00078036005
00078036006
00078036011
00078036034
00078037606
00078037615
00078038306
00078038315
00078038317
00078038334
00078038367
00078042306
00078042315
00078047111
00078047115
00078047134
00078047167
00078047211
00078047215
00078047234
00078047267
00087277131
00087277132
00087277215
00087277231
00087277232
00087277235
00087277315
00087277331
00087277332
00087277531
00087277532
00087277631
00087277632
00087278831
00087278832
00087287531
00087287532
00087287631
00087287632
00093723856
00093723898
00093723956
00093723998
00093736410
00093736498
00093736510
00093736556
00093736598
00093736610
00093736656
00093736698
00093736710
00093736756
00093736798
00093736810
00093736856
00093736898
00093736910
00093736956
00093736998
00093746456
00093746498
00093746505
00093746556
00093746598
00093746605
00093746656
00093746698
00093751456
00093751498
00093823856
00093823898
00186000431
00186000831
00186001628
00186001631
00186001654
00186003228
00186003231
00186003254
00186016228
00186016254
00186032228
00186032254
00186032454
00245019590
00378141877
00378141977
00378142077
00378202477
00378300105
00378300177
00378300205
00378300277
00378300305
00378300377
00378303393
00378303493
00378404177
00378404277
00378404377
00378632105
00378632177
00378632205
00378632277
00378632305
00378632377
00378632405
00378632477
00378632505
00378632577
00378662993
00591231519
00591231619
00591231719
00591231819
00591231919
00591278630
00591374519
00591374619
00591374630
00591374710
00591374719
00591374730
00597003928
00597003937
00597004028
00597004037
00597004128
00597004137
00597004228
00597004237
00597004328
00597004337
00597004428
00597004437
00597012437
00597012537
00597012737
00603422402
00603422432
00603422502
00603422516
00603422532
00603422602
00603422616
00603422632
00603422802
00603422816
00603422916
00603422932
00603423002
00603423032
00781520410
00781520431
00781520492
00781520610
00781520631
00781520692
00781520710
00781520731
00781520792
00781570010
00781570092
00781570110
00781570131
00781570192
00781570210
00781570231
00781570292
00781580510
00781580592
00781580610
00781580631
00781580692
00781580710
00781580731
00781580792
00781581610
00781581631
00781581692
00781581710
00781581731
00781581792
00781581810
00781581831
00781581892
00781593631
00781593731
00781593831
00781593892
00781593931
00781593992
00781594892
00781594964
00781594992
00781595064
00781595092
00781595164
00781595192
00781595264
00781595292
00955104030
00955104090
00955104130
00955104190
00955104230
00955104290
00955104530
00955104590
00955104630
00955104690
12280016830
12280037530
13668011310
13668011390
13668011410
13668011430
13668011490
13668011510
13668011530
13668011590
13668011610
13668011630
13668011690
13668011710
13668011730
13668011790
13668011810
13668011830
13668011890
13668040910
13668040930
13668040990
16571050050
16571050111
16571050211
16714022401
16714022402
16714022501
16714022502
16714022504
16714022601
16714022602
16714022604
16714058102
16714058103
16714058201
16714058202
16714058203
16714058301
16714058302
16714058303
31722072930
31722072990
31722073030
31722073090
31722073130
31722073190
33342004907
33342005710
33342005807
33342005810
35356021630
35356021690
35356025630
35356025790
35356028720
35356028730
35356028940
35356029390
35356042730
43547027703
43547027709
43547027803
43547027809
43547027903
43547027909
49884065809
49884065909
49884066009
49884066109
49884066209
49884066309
49884066409
49999081530
49999087730
49999087790
49999087830
49999087890
49999094390
49999098830
51079019203
51079075220
54569536100
54569599900
54868386601
54868419901
54868441300
54868442802
54868449400
54868452601
54868453901
54868464502
54868465201
54868498600
54868507800
54868517000
54868548900
54868560700
54868610900
55289052230
55289082530
58016005300
58864068130
58864072615
59762001101
59762001201
59762001501
59762007001
59762007101
59762007102
59762007201
59762007202
60429031710
60429031730
60429031790
60429031810
60429031890
60505291503
60505291509
60505291603
60505291609
60505291703
60505291709
60505316009
60505316103
60505316109
60505316203
60505316209
60505360403
60505360409
60505375809
60505375909
60598008001
60598008101
60598010001
60598010101
60951018692
64455013001
64455013101
64455013201
64455013301
64764084430
64764088430
64764094430
64764099430
65597010130
65597010310
65597010330
65597010390
65597010410
65597010430
65597010490
65597010510
65597010530
65597010590
65597010610
65597010630
65597010690
65597010730
65597010790
65597011430
65597011490
65597011530
65597011590
65597011630
65597011690
65597011730
65597011790
65597011830
65597011890
65862020190
65862020199
65862020230
65862020290
65862020299
65862020330
65862020390
65862020399
65862046830
65862046890
65862046899
65862046930
65862046990
65862046999
65862047030
65862047090
65862047099
65862054790
65862054890
65862054990
65862055090
65862055190
65862063730
65862063790
65862063805
65862063830
65862063890
65862063905
65862063930
65862063990
66336038730
67544040330
67544040430
68180010109
68180010209
68180010302
68180010309
68180010402
68180010409
68180010502
68180010509
68180021009
68180021109
68180021203
68180021209
68180021503
68180021506
68180021509
68180021603
68180021606
68180021609
68180021703
68180021706
68180021709
68180041006
68180041106
68180041109
68180041206
68180041209
68180041306
68180041406
68180041409
68382013501
68382013506
68382013510
68382013516
68382013601
68382013606
68382013610
68382013616
68382013701
68382013706
68382013710
68382013716
68382014206
68382014210
68382014216
68382014306
68382014310
68382014316
68645040470
68645040570
68645040770
68645040970
68645041170