00004018022
00004018091
00004018122
00004018222
00026285548
00026285570
00026884151
00054010022
00054010122
00054010128
00054010220
00054010222
00054010228
00069152068
00069153041
00069153068
00069153072
00069154041
00069154068
00069260066
00069265041
00069265066
00069265072
00069266041
00069266066
00069266072
00069267041
00069267066
00078036405
00078037905
00078038405
00078040405
00078040505
00078040605
00078048815
00078048915
00078049015
00078049115
00078055915
00078056015
00078056115
00078056215
00078056315
00083225530
00083226030
00083226530
00085170102
00085170103
00085171601
00085171602
00085172201
00093008398
00093079301
00093079401
00093081901
00093081955
00093102201
00093102255
00093102301
00093205701
00093205755
00093205801
00093517301
00093517355
00093527201
00093527255
00093716755
00093716798
00093716898
00093737001
00093737101
00093737110
00093737201
00093737210
00093737301
00093767001
00093767101
00093817101
00143995909
00143996009
00143996109
00173078401
00173078501
00182823200
00186045058
00186045158
00186045258
00228249710
00228253010
00247045130
00378035301
00378036001
00378039001
00378048001
00378048030
00378048101
00378048130
00378049401
00378102005
00378102077
00378143077
00378209601
00378209701
00378209801
00378209901
00378222201
00378222301
00378222401
00378347501
00378347530
00378348201
00378348230
00378349501
00378501101
00378501105
00378501201
00378501205
00378501301
00378501305
00378520805
00378520877
00378520905
00378520977
00378521005
00378521077
00378689501
00378689601
00378689701
00378689801
00378689805
00378689901
00378690001
00555098037
00555098040
00591319301
00591319305
00591319401
00591375701
00591375801
00591375805
00591375901
00591375905
00591376001
00591376005
00591376101
00591376201
00603210802
00603210825
00603210828
00603210832
00603210902
00603210925
00603210928
00603210932
00603210934
00603211002
00603211016
00603211028
00603211032
00603211033
00603211060
00603358121
00603358221
00603358321
00677176801
00677176901
00677177001
00677197801
00677197901
00677198001
00677198101
00781227101
00781227164
00781227201
00781227210
00781227264
00781227301
00781227310
00781227364
00781227401
00781227410
00781227464
00781227701
00781227901
00832004209
00832004210
00832004309
00832004310
00832004409
00832004410
00904599361
00904617440
00904617540
10135052490
10135052510
10135052605
10135052610
10135052690
13668002303
13668002305
13668002405
13668002410
13668013201
13668013301
13668013390
13668013401
13668013490
16252053901
16252054001
16252054490
16252054550
16252054590
16252054650
16252054690
23155010800
23155010830
24477051501
24477051601
24658019110
24658019190
24658019210
24658019290
31722023710
31722023790
31722023810
31722023890
31722023910
31722023990
38779028003
38779028004
38779028005
38779028008
42806005509
42806005510
42806005605
42806005610
42806005710
42806050101
42806050109
43353029545
43353068430
43386044024
43547023109
43547023209
43547023211
45963015202
49452485201
49452485202
49884049801
49884067701
49884067801
49884067901
49884092901
49884093001
49884093005
49884093101
49884093105
49884093201
49884095201
49884095205
49884095301
49884095305
50268008115
50419070105
50419070205
50419070305
51079045020
51079045063
51079045120
51079045169
51079045220
51079094020
51079096820
51079096901
51079096920
51552072002
51552072004
51552072005
51927231100
51991066690
51991066790
51991066890
52152026301
52152026401
52152050708
52152050808
52152050908
52372085606
53489036801
53489036901
53489037001
53746000601
53746000701
53746000705
53746000801
53746000805
54458090302
54458090402
54458094808
54458095010
54738090403
54738090490
54738090501
54738090503
54738090590
54738090603
54738090690
54868286802
54868286901
54868287301
54868346401
54868401100
54868407400
54868569000
54868576100
54868576200
54868578101
54868578200
54868579200
54868580400
54868599300
54868599301
54868603600
55045349901
55045379409
55045379609
55111027005
55111027090
55111027105
55111027190
55111033801
55111033901
55111033905
55111034001
55111034005
55111034101
55111034105
55111058601
55111058701
55289003930
55289009630
55289032301
55289054930
57664005599
57664005613
57664005699
57664005718
57664005799
57664013564
57664013565
57664056813
57664056899
57664056913
57664056999
57664057013
57664057018
57664057099
57866662501
58177053626
58177053707
58177053711
58177053726
58177053826
58864062014
59630044010
59630044110
59630044210
59630044310
59630050010
59630050110
59630050210
59630050310
59762100401
59762152001
59762152002
59762153001
59762153002
59762153003
59762153004
59762153005
59762154001
59762154002
59762154003
59762154004
59762669003
59762669005
59762669103
59762669105
59762669203
60505019302
60505019303
60505019402
60505019403
60505019502
60505019503
62175026037
62175026043
62175026046
62175026055
62175026137
62175026143
62175026146
62175026155
62175026232
62175026237
62175026246
62991110601
62991110602
62991110605
63304043501
63304043601
63304043701
63370016315
63629156503
63672004403
63672004503
63672004603
64679042101
64679042201
64679042202
64679042301
64679042302
65162000609
65162000650
65162000709
65162000750
65162000809
65162000850
65597011010
65597011030
65597011090
65597011110
65597011130
65597011190
65597011210
65597011230
65597011290
65597011310
65597011330
65597011390
65726022725
65726023510
65726023525
65726023610
65726023625
65862010105
65862010190
65862010199
65862010205
65862010290
65862010299
65862010305
65862010390
65862010399
65862058301
65862058401
65862058501
65862058601
65862058701
66993047202
66993047302
66993047502
67286081302
67286081404
67286081504
67544018560
67544018581
67544038930
67544039060
67544080960
67544099330
67767010801
67767010901
67767015101
67767015105
67767015301
67767015305
67877019705
67877019710
67877019790
67877019805
67877019810
67877019890
67877019905
67877019910
67877019990
68084023701
68084023801
68180075009
68180075103
68180075109
68180075203
68180075209
68180075501
68180075601
68180075602
68180075701
68180075702
68180075801
68180075901
68180076001
68382012105
68382012116
68382012201
68382012205
68382012216
68382012301
68382012305
68382012316
68462021010
68462021110
68462021210
68462023301
68462023401
68462023501
68645044470
68645044570
76282023890